1 2
3 4
5 6
7 8
9 10
11 12
11 13
12 13
14 15
14 16
15 16
17 18
19 20
19 21
20 21
22 23
24 25
24 26
25 26
27 28
29 30
29 31
30 31
32 33
32 34
33 34
35 36
35 37
36 37
38 39
38 40
38 41
39 40
39 41
40 41
42 43
44 45
46 47
48 49
50 51
52 53
52 54
52 55
52 56
53 54
53 55
53 56
54 55
54 56
55 56
57 58
59 60
59 61
59 62
60 61
60 62
61 62
63 64
65 66
67 20
67 21
20 21
68 69
70 71
72 73
72 73
74 75
76 77
76 78
77 78
79 80
81 82
83 84
85 86
87 88
87 89
88 89
90 91
90 92
91 92
48 93
87 88
61 94
61 95
61 96
94 95
94 96
95 96
97 98
97 99
98 99
52 54
32 33
32 34
33 34
59 61
59 94
61 94
32 33
32 34
33 34
44 45
4 13
1 2
22 23
76 77
76 78
77 78
49 89
42 43
27 28
38 39
38 40
38 41
39 40
39 41
40 41
52 54
27 28
32 33
32 34
33 34
76 77
76 78
77 78
48 93
74 75
87 15
42 43
42 43
44 45
65 66
44 45
51 47
38 39
38 40
38 41
39 40
39 41
40 41
35 36
35 37
36 37
76 77
76 78
77 78
20 21
51 47
22 23
27 28
1 2
81 95
72 73
76 77
76 78
77 78
4 13
20 21
76 77
76 78
77 78
23 22
44 45
23 22
69 4
69 13
4 13
38 39
38 40
39 40
19 20
19 21
20 21
9 10
20 21
76 77
76 78
77 78
42 43
19 81
11 4
11 13
4 13
76 77
76 78
77 78
9 10
61 62
42 43
76 77
76 78
77 78
32 33
32 34
33 34
19 81
27 28
70 71
1 2
61 62
70 71
81 95
85 86
70 71
87 28
11 4
11 13
4 13
22 23
79 80
76 77
76 78
77 78
61 62
51 47
51 47
38 39
22 23
38 39
9 10
40 38
32 33
32 34
33 34
22 23
91 92
39 38
72 73
32 33
32 34
33 34
52 54
52 56
54 56
48 10
76 77
76 78
77 78
36 37
48 10
38 39
4 13
1 2
22 23
81 82
27 28
9 10
24 26
44 45
42 43
74 75
61 62
10 84
44 45
32 34
76 77
76 78
77 78
38 39
43 42
22 23
24 26
24 26
22 23
4 13
1 16
76 77
76 78
77 78
9 10
42 43
76 77
76 78
77 78
2 100
87 88
22 26
9 10
38 39
38 39
2 100
2 100
11 13
11 10
61 62
11 10
4 13
27 16
27 28
16 28
55 56
70 71
38 39
87 16
76 77
76 78
77 78
69 37
38 39
27 28
9 10
44 15
42 43
27 28
69 4
9 10
27 28
38 39
87 88
69 37
2 86
32 33
32 34
33 34
32 33
32 34
33 34
32 34
9 10
29 31
9 10
27 16
49 89
44 89
38 39
32 34
2 28
9 10
44 89
2 28
15 16
73 42
11 13
81 100
70 71
81 100
27 16
76 77
76 78
77 78
87 88
87 15
87 89
15 89
76 77
76 78
77 78
61 62
9 10
81 100
11 13
87 88
27 16
87 88
72 73
72 73
81 100
27 16
32 33
27 16
11 13
87 89
61 62
76 77
76 78
77 78
87 89
15 5
15 28
81 100
87 89
29 31
9 10
81 100
76 77
76 78
77 78
88 89
87 89
9 10
4 13
76 77
76 78
77 78
9 10
67 6
4 13
69 37
15 5
27 16
76 78
87 81
90 35
4 13
15 5
87 81
9 10
81 82
76 77
76 78
77 78
87 81
9 10
81 82
2 5
4 13
100 10
9 10
27 16
76 78
9 10
76 77
76 78
77 78
76 77
76 78
77 78
81 100
9 10
49 89
87 15
87 2
15 2
27 16
49 89
76 77
100 10
52 55
55 56
81 100
9 10
11 13
34 13
81 100
76 78
52 55
81 100
11 13
76 77
87 88
16 28
49 89
34 13
34 13
27 16
76 77
76 78
77 78
76 77
27 16
16 28
9 10
52 55
52 55
76 78
81 100
34 13
29 86
27 49
34 13
89 28
34 13
76 78
87 88
91 21
9 10
27 16
49 16
49 16
76 77
76 78
77 78
91 21
81 100
81 100
52 55
97 98
16 89
76 77
76 78
77 78
87 88
34 13
16 89
81 100
9 10
16 89
70 71
70 23
27 49
27 16
49 16
15 16
81 82
16 89
76 78
16 89
76 78
11 13
11 13
81 82
15 89
30 31
79 9
76 78
