1 2
3 4
5 3
6 7
8 9
8 10
9 10
11 12
13 14
11 4
15 16
15 17
16 17
7 18
7 19
18 19
20 7
21 22
21 23
21 24
21 4
22 23
22 24
22 4
23 24
23 4
24 4
14 13
4 3
11 25
11 12
25 12
26 27
28 4
28 3
4 3
29 30
20 7
31 32
33 34
33 17
33 15
34 17
34 15
17 15
35 3
35 4
3 4
36 37
38 36
39 40
41 42
41 43
41 44
41 45
41 46
42 43
42 44
42 45
42 46
43 44
43 45
43 46
44 45
44 46
45 46
47 48
49 15
49 17
15 17
50 51
50 52
51 52
35 53
54 55
37 36
56 54
56 55
54 55
57 58
57 59
57 60
58 59
58 60
59 60
61 62
63 64
65 66
65 62
66 62
67 62
68 69
68 70
68 71
68 72
69 70
69 71
69 72
70 71
70 72
71 72
68 69
68 70
68 71
68 72
69 70
69 71
69 72
70 71
70 72
71 72
73 74
73 75
74 75
76 77
78 79
80 81
80 82
83 14
13 83
13 14
83 14
84 85
86 87
88 89
90 91
90 92
91 92
8 9
8 10
9 10
93 94
93 95
94 95
94 95
96 97
98 99
98 99
18 7
18 19
7 19
55 54
98 99
84 14
13 83
13 14
83 14
83 13
83 14
13 14
90 91
90 92
91 92
59 58
18 7
18 19
7 19
18 19
18 7
19 7
7 20
7 20
7 18
7 19
20 18
20 19
18 19
90 91
90 92
91 92
26 27
88 90
90 91
35 3
35 5
3 5
26 27
88 90
